264
288
305
370
444
464
798
935
992
1046
1145
1775
1935
1978
1983
1989
2082
2092
135401907
2099
2119
2123
2130
2153
2157
2160
2162
2170
135409400
2187
2202
2244
2247
2256
2265
2333
2336
2343
2349
2353
2375
2378
2381
2391
2441
2448
2466
2471
2477
2482
2519
2520
2541
2554
2576
2578
2585
2662
2678
2717
2720
2722
2727
2730
2732
2733
2754
2756
2761
2762
2764
2771
2782
2788
2789
2794
2801
2802
2803
2812
135398737
2833
2882
2895
2904
2907
2913
2955
2995
3016
3017
3019
3033
3035
3042
3054
3059
3100
3103
3108
3114
3117
3152
3194
3229
3242
3278
3290
3295
3308
3312
3324
3325
3326
3331
3333
3335
3337
3339
3344
3348
3352
3354
3357
3365
3366
3371
3372
3374
3385
3386
3394
3396
3397
3410
3435
3440
3446
3463
3475
3476
3478
3488
3519
3559
3561
3598
3607
3637
3639
3647
3672
3696
3702
3715
3730
3735
3749
3759
3760
3784
3823
3825
3869
3878
3883
3885
3899
3902
3955
3957
3958
3961
4004
4011
4030
4037
4044
4046
4054
4055
4064
4075
4091
4100
4107
4112
4114
4158
4168
4170
4173
4174
4178
4189
4205
4211
4212
4236
4342
4409
4410
4418
4421
4440
4449
4463
4474
4477
4485
4493
4495
4497
4499
4506
4507
4510
4539
4543
4583
135398745
4594
4595
4614
4616
4621
4649
4679
4680
4737
4740
4747
4748
4754
4756
4760
4768
4829
4887
4891
4893
4909
4911
4913
4915
4927
4932
4946
4976
4993
5029
5035
5042
5070
5071
5073
5094
5095
5105
5143
5152
5215
5243
5253
5265
5291
5298
5311
5329
5332
5333
5336
5342
5343
5355
5379
5386
5391
5394
5401
5403
5405
5426
5452
5472
5479
5482
5487
5503
5505
5510
5533
5546
5556
5564
5566
5572
5577
5578
5591
5656
5717
5719
5734
5736
5743
5745
5746
5754
5755
5757
5770
5773
5790
5803
5819
5833
5853
5857
5865
5870
5883
5887
5905
5910
5924
5959
5965
5991
5994
5995
6005
6014
6018
6032
6037
6041
6047
6057
6135
6240
6249
6253
6256
6291
6305
6436
6461
6476
6623
6741
6883
7533
7955
8246
8249
8378
8442
8478
8625
8813
9047
9064
9321
9433
9651
9782
9787
9878
9880
10133
10621
10649
10836
10917
11102
11289
11333
11683
12233
12560
12947
13109
13342
13770
13791
14969
14982
15232
15459
15625
15910
16231
16362
16533
17499
19649
20279
20393
21319
21653
21704
21718
21945
22529
22576
23565
23931
23954
23973
23976
24085
24360
25249
25429
26105
26248
26596
26757
26879
27200
27854
28061
28417
28693
29131
29327
30323
30668
31100
31236
31401
31703
32490
33255
33478
33613
33741
34040
34312
34359
34632
35370
35375
36207
36294
36314
36462
36921
37175
37392
37542
38010
39042
39147
39186
39212
39764
39929
40024
40326
40703
41022
41114
41781
42574
42890
43507
43672
43815
44093
44185
47471
47499
47528
47896
47965
50088
51038
51039
51081
53025
53232
54360
54454
54687
54746
54892
54900
54911
55245
55283
55891
56208
56959
57363
57469
58258
59694
59772
60149
60198
60464
60490
60648
60700
60750
60795
60822
60823
60825
60835
60838
60846
60857
60871
60877
60934
60953
61739
62413
62770
62935
62959
62978
62998
63002
64139
64142
64646
64710
64713
64715
64722
64740
64746
64927
64982
65329
65341
65373
65464
65495
65557
65833
65841
65944
65981
65999
66062
66064
66069
66895
67313
67356
67815
68539
68552
68589
68591
68617
68624
68827
68861
68873
68911
71203
71301
71329
71360
71399
71414
71420
71446
71485
71616
71815
72003
72276
73111
74989
77997
77999
78000
82146
83201
83823
84003
84029
86418
89105
89594
90010
91270
91505
91513
91610
91768
92163
92727
95170
102175
102678
104838
104842
104865
104920
104981
107751
107848
107952
107970
107971
135400189
110635
114682
115162
115163
115237
115355
115366
119182
122824
123630
123631
124087
124093
126941
129211
129228
130313
130881
134018
134601
137994
146570
148140
148192
149096
150311
150610
152946
156391
156419
158781
159269
165542
165580
166589
168993
175533
176870
176907
186907
189821
192197
198015
200103
202225
208902
213039
216262
216326
219078
219099
221493
225609
238053
259331
312915
392622
406563
439243
439246
439520
439531
439693
441074
441130
441140
441199
441207
441236
441242
441281
441308
441313
441314
441325
441328
441333
441344
441384
441386
441397
441398
441401
441921
441922
441923
442070
442428
442530
442688
443866
443867
443878
443894
443939
443955
443967
444020
444030
444031
445154
445643
446157
446541
446598
446727
446987
447043
460612
461399
468595
470375
479503
610479
636402
636411
637517
637563
644213
656511
656516
656644
656652
656685
657237
657298
657302
667468
667476
667484
667490
689043
941651
969472
969516
1349907
1548887
1548943
1548972
1549008
2723601
2723920
2724062
2724385
2724387
2725002
2733525
2733526
2761171
3000322
3000540
3001055
3002190
3002977
3005573
3010663
3011155
3033637
3033818
3033825
3033832
3034034
3034285
3037127
3052775
3062316
3081362
3081545
3085326
3317081
3864541
4369359
4659569
5222465
5280343
5280440
5280450
5280453
5280795
5280804
5280805
5280961
5281004
5281006
5281025
5281032
5281040
5281065
5281067
5281068
5281069
5281070
5281071
5281072
5281073
5281078
5281081
5281377
5281613
5281708
5281807
5281855
5282138
5282165
5282181
5282192
5282230
5282242
5282318
5282381
5282407
5282408
5282409
5282435
5282451
5282455
5282473
5282474
5282478
5282484
5284371
5284373
5284439
5284513
5284514
5284555
5284566
5284585
5284596
5284627
5284631
5288464
5288826
5309446
5311054
5311217
5311309
5329102
135398738
5352425
5352624
5358812
5339
5359596
5360515
5360696
5362065
5362124
5362129
5362440
135398735
5388961
5388962
5388977
5447130
5460341
5479529
5479530
5479537
5479539
5484727
5486182
5488186
214348
5702062
5702159
5702162
5702167
5702238
5742673
5821911
22419
6321416
135398743
135403821
54585
6337614
6419922
6419933
6419992
6420003
6420023
6420038
6420049
6433208
6434889
6436173
6437065
6437877
6440717
6442177
6451150
6473883
6479523
6526396
6536864
6540478
6603149
6604100
6604200
6604471
6604492
6842999
6852399
6857599
6914273
6915744
6915944
6917733
6917875
6917976
6918078
6918147
6918296
6918314
135413536
6918456
6918493
6918664
9552079
9556529
9560989
5742832
9570071
9571075
9571107
9576185
9798098
9810996
9811704
135449332
9852981
9866696
9917980
9918693
9941095
9955116
9955977
10096344
10113978
10314472
10433396
10695961
10909430
11074431
11243969
11550001
11671467
11751549
11953884
11954258
11957660
12004622
12162152
12855889
12881464
135413542
14720269
16051951
16140499
16218899
16220016
16684434
21629882
23663959
23665706
23666711
23666879
23667299
23667300
23667629
23667631
23668834
23670318
23672364
23672955
23675317
23675320
23675321
23675322
23675786
23677829
23683747
23685176
23704143
23724817
23724878
24840146
24871267
25242512
25267092
44201350
44424639
45357079
46936176
46937026
54671008
54671203
54675779
54675783
54676038
54676228
54676537
54676538
54677470
54678486
54680690
54680691
54680693
54682468
54685047
54685920
54685925
54686764
54686904
54704426
54707177
54730021
70788951
135564890
133065662
135398513
135398742
135403646
135413523
135499520
135511839
