1532
40520
831
43305
508459
1496
208479
358743
84030
2086
1547
204475
29370
1597
341220
248038
182709
85831
46205
294
41978
498718
572010
172900
434
12916
1654
447020
1375
642
416916
507
626932
29331
165779
207244
1663
49082
1380
1396
1423
1118061
357276
46506
1689
78346
41275
830
1016
180162
188913
59732
544
69824
457396
1511
283
1348911
116085
39948
88431
84111
580024
39488
97253
39496
848
1378
724
729
209
1573535
61170
81
1505657
227979
43994
1506553
28050
1605
420345
445
906
33882
248039
133925
1100891
44249
53335
592316
387661
577309
1257
891974
836
748280
43263
256466
741091
67575
301302
360807
457412
590
22
620
13687
1569
1282
40323
1328
68892
1309
1305
195950
82802
2039
29465
450749
662
338
216816
28026
28117
35832
35833
572511
33035
174708
580596
501571
574697
194
2747
1283313
546
1485
1492
1535
1502
29347
1509
102106
74426
33042
410072
1716
28141
49338
872
876
189330
39486
84112
244127
547
550
1350
37734
1351
469
169435
1352
1354
561
562
1730
39485
1736
39490
39491
216851
853
833
2701
644652
210
570
571
573
1578
1579
1580
1613
33959
97478
1622
1590
1598
47715
1357
1363
1243
2172
1269
1270
582
1763
2093
2100
283168
28118
459786
375288
823
816
328812
46503
577310
1253
33024
703
837
838
165179
47678
840
28135
286
287
303
841
301301
166486
1263
1264
40518
1265
33038
46228
33039
615
623
1279
1280
1301
1311
1318
1314
28111
1304
1308
292632
40544
191303
446660
29466
666
1583
817
644
28116
239934
818
239935
820
821
371601
397864
487174
1678
1680
239759
1681
1685
1686
2052
613
29330
281915
2745
1338
727
37637
32067
849
29361
1768
1648
72
138595
2702
1747
1313
1164882
47466
946234
240411
44250
396388
90245
33037
621
553372
315405
53246
197
586
1286
121428
2104
100883
487
43995
1824
208962
813
102684
36809
1533
135858
1498
228604
2097
732
1891238
47770
44259
60133
77095
671229
33043
1769
970
292
39778
61645
551
34072
904
1379
1773
162289
203133
329
429
485
28037
292800
147802
43769
1683
28131
76122
38288
117563
470565
505
40542
543311
1639
300
168808
2740
482
83558
1434006
1543
204516
47671
1505663
843
1261
156456
51160
905
55079
1596
329854
29494
29459
1735
1561
425941
589437
32008
583
59505
150247
1481960
1827
901
33033
638847
158846
714
1505
480
1725
32207
75984
261299
2173
40519
235572
1260
477
228603
539
1343
454154
1335
40324
89966
94008
1302
916
203
43668
150022
100886
467210
34062
212791
851
59735
43996
33007
213
1637
29389
119206
84135
908935
752
246432
53419
328813
1017
71452
1658
57479
39777
28136
184072
1017280
38323
35517
1213720
82202
218538
35788
157
82135
1376
125216
1382
626937
1624
56688
1797
29363
43765
35756
359407
43675
78258
28133
1303
41976
100175
28125
1512
1562
40543
28132
187101
29380
36841
28095
1743
28090
83770
45634
83554
309120
1386
536633
893
1488
437897
37330
61592
478
936456
341694
502
672
636
43768
16
419014
86331
177971
113287
172042
782
379
36808
40545
106589
2373
199
413496
28134
948
166953
158836
28138
38284
1018
713
103892
1839
487175
528
140625
1019
57493
1307
102148
156454
753
633
28112
2040
310514
85413
1766
310298
86664
316625
28126
1550
43770
13159
1717
548
471
28124
745
31983
53572
28035
38304
1491
43771
723
859
990721
564
28901
109790
624
346096
29391
519
1719
69823
28080
529705
39498
34004
1288
374
84036
581
698776
46255
93220
140626
651822
475
520
846
65058
221027
785
484
46206
108980
489
488
48736
1522
52225
495
461393
76860
1659
497
1329
32013
129337
47886
43997
1817
82996
39484
76123
1647
46123
217
118747
89014
556499
653683
135083
504
1559
39765
100176
1377
2023
33012
135575
538
1655
32257
1847
1283
59561
214856
267408
290055
28137
28100
82976
587
446
1515
223958
222
33057
2050
79206
670
2718
36855
196
123375
95486
338188
75
66862
504481
29348
943
160
42862
29321
265975
33886
945
281920
256319
84025
197575
156981
1883
28123
545
242750
38313
84567
134821
2753
1633
1383
135487
39950
1506577
10
137732
35518
67572
35829
158
55080
80865
29521
182639
13075
134533
119541
2717
884684
265
156973
66228
935200
145260
635
308994
39482
401469
407
310297
860
33953
44749
231454
47670
53346
53457
44675
807
1336
715
1765
181675
28025
46124
184869
322095
29382
248744
201
52784
157673
191
28188
1501226
1661
291644
2034
827
1649459
88138
1651
663
34104
93218
2130
285
674
168934
155493
1542
214
152794
847
83618
114527
1823
50709
824
157687
839
35823
56112
84026
106588
33010
237
52769
493
225324
1513
1125
158847
55565
270498
1772
165696
154046
28453
165695
253183
407975
78331
52227
2316
29580
44261
629
53374
47251
35795
154288
38286
33926
1912216
187326
40214
1656
45972
33981
161879
29385
1623
34037
649756
28264
33036
328814
2152
1544
387090
76124
28447
131079
489140
82203
777
109262
671218
1392
386414
1055323
803
630
184870
2420
90241
186650
69218
57494
147207
622
335058
75985
1789
37326
69710
568
157228
501783
37915
139
87541
2147
113107
177972
161492
84108
33025
810
1163
39791
29393
384638
28263
735
80866
73029
160674
38301
44748
196082
53418
234908
730
1724
626933
632
718
2051
1508657
450
747
1402
190721
862
96
544580
454155
1504
37914
29394
28449
907
35519
518
72763
2735
34105
37329
143361
35798
29461
42322
1013
419015
39492
84162
442
18
359408
230143
69
856
1898203
200
35790
110936
38289
81466
264995
363265
100134
102862
1398
235
28130
36835
131111
51123
570835
61171
120831
1490
114528
53460
33032
253238
204447
28113
1520
783
332102
585
90243
1652
1584
52226
1696
93217
133926
786
305976
28231
1764
958
720
333297
1537
103621
42255
1033
2129
237576
201096
113286
171
76833
131110
122277
195
739
626940
380240
476
29581
1582
521
1255
638849
1381
39494
